0.057
3.971
0.068
0.516
0.386
0.72
1.202
0.471
0.176
3.486
2.69
0.311
0.06
3.038
0.238
0.108
4.302
1.028
0.067
1.162
1.16
1.61
0.067
0.943
2.579
1.631
0.564
0.172
3.427
3.321
0.394
0.338
0.547
0.023
0.601
1.648
1.073
0.301
1.517
0.268
0.061
0.31
0.448
0.799
0.709
0.127
0.191
4.162
0.408
0.072
0.704
1.87
0.94
0.076
2.898
2.917
2.496
0.027
2.045
0.629
1.464
0.071
0.683
0.239
0.553
0.807
1.121
0.196
0.586
0.487
0.988
0.15
2.01
0.766
1.433
0.698
0.352
0.033
0.639
0.162
0.451
0.056
0.258
2.652
0.273
0.352
0.477
0.372
0.181
1.518
1.729
0.054
0.773
2.327
1.493
0.358
1.714
1.203
1.046
0.206
0.56
0.624
0.576
0.835
0.936
1.622
1.823
0.208
0.927
0.694
0.808
3.688
0.407
0.637
0.127
0.675
0.831
2.131
0.028
0.792
2.128
0.266
0.658
1.901
2.826
0.21
0.418
0.818
2.283
0.283
0.128
2
0.216
0.258
1.477
0.745
0.951
0.932
1.419
0.129
0.948
1.876
2.121
3.96
0.177
0.807
0.668
0.442
2.675
1.188
0.536
0.479
0.814
0.684
0.684
0.994
0.313
0.805
3.401
3.112
1.302
2.114
4.723
0.18
1.995
0.1
0.19
0.123
0.935
1.553
0.063
2.849
0.422
2.735
0.086
3.648
1.028
0.041
0.426
0.058
0.202
1.076
0.08
0.58
0.635
1.813
0.37
0.184
0.557
0.874
0.378
0.338
2.268
0.592
0.951
0.437
0.099
0.355
0.452
3.49
0.71
0.108
1.132
0.182
0.048
0.308
0.662
2.115
1.027
1.212
0.129
2.2
0.278
2.1
0.254
0.767
0.826
4.09
0.269
0.111
0.316
0.989
0.1
1.893
0.487
0.989
1.376
0.256
1.328
0.077
3.219
1.751
2.505
4.228
0.119
0.081
0.58
1.396
0.173
5.913
0.202
0.461
0.267
0.198
1.014
0.697
0.238
0.084
1.346
0.517
0.79
0.947
7.581
0.971
0.74
0.125
0.579
4.376
0.911
1.268
2.087
1.359
0.454
0.753
2.339
0.736
2.987
0.503
1.609
0.809
3.557
0.954
1.05
0.283
1.719
3.119
2.48
0.803
1.205
0.212
1.263
0.721
0.328
1.411
0.114
0.823
0.146
0.244
0.133
0.222
2.046
0.291
1.339
1.227
0.225
1.238
1.736
1.392
0.3
1.046
0.079
3.695
0.368
0.95
0.284
0.238
1.558
0.481
1.875
3.039
0.118
0.307
0.704
1.704
0.689
0.963
0.34
1.063
0.086
2.602
0.305
1.52
1.145
0.499
0.326
2.433
0.449
0.602
0.19
0.71
0.425
2.546
2.261
0.193
1.173
1.742
1.278
0.908
0.474
0.578
1.922
0.656
0.112
0.929
0.093
0.747
0.751
3.694
0.115
0.197
2.87
0.069
0.854
2.274
1.213
0.181
0.689
0.071
0.244
2.122
1.278
0.173
0.311
0.577
2.668
1.406
0.288
0.845
1.023
0.615
2.089
0.842
0.774
0.61
3.884
0.219
1.195
0.796
1.454
1.646
0.313
0.768
0.237
0.208
1.261
0.14
0.085
2.426
0.083
1.284
0.415
1.235
0.091
0.125
2.832
3.209
0.106
1.633
0.227
2.155
2.874
0.247
1.647
0.203
1.237
2.362
0.567
0.118
0.104
2.083
2.07
0.495
0.419
0.608
2.602
2.594
0.562
0.236
0.121
1.519
0.671
0.178
0.923
1.651
1.759
2.965
0.176
0.099
4.933
0.2
0.213
0.203
0.637
1.869
0.237
0.171
0.46
1.787
0.768
0.677
1.943
0.679
3.469
0.35
0.326
0.655
1.213
0.986
0.616
0.352
0.193
0.288
4.009
0.137
0.826
0.942
0.329
2.013
0.217
0.657
0.787
0.322
0.785
0.162
2.452
1.754
1.909
1.318
0.616
0.272
0.171
0.226
2.444
2.982
0.667
0.768
0.228
0.94
0.986
0.25
0.826
3.124
0.441
0.847
0.119
0.852
0.625
2.362
0.371
1.385
3.757
2.17
0.631
0.618
0.257
0.761
1.733
0.178
0.801
2.027
0.24
1.224
0.698
0.95
0.55
0.806
1.553
1.011
0.187
0.097
0.807
3.508
0.15
0.179
2.012
1.716
0.465
0.872
0.249
1.696
4.34
2.513
0.264
0.884
0.967
1.511
1.136
0.156
2.951
0.199
0.169
1.034
3.142
2.784
1.979
1.32
0.331
0.551
0.378
0.753
0.377
0.305
0.385
1.905
0.738
0.349
0.159
0.253
0.18
0.676
3.678
0.227
0.801
0.531
0.708
0.716
0.458
0.635
0.215
0.835
0.27
0.554
0.169
2.817
0.528
0.347
1.548
2.097
0.177
1.26
1.425
1.922
0.189
0.561
0.614
0.426
0.758
0.734
2.189
2.362
1.53
0.332
1.468
0.108
0.775
0.839
2.304
3.108
2.427
0.215
0.47
0.876
0.219
2.529
1.38
1.756
1.426
0.302
1.846
1.057
0.842
0.34
1.394
0.254
1.56
0.296
1.327
1.152
0.234
1.387
5.321
0.219
0.567
0.154
3.375
0.159
1.354
1.734
0.201
1.944
0.998
1.258
0.431
0.978
1.784
0.876
1.686
2.45
1.454
0.924
0.211
0.368
1.285
0.198
2.052
0.996
0.492
2.078
1.47
0.339
2.793
2.222
0.65
0.373
0.422
1.006
0.191
0.125
0.22
0.602
0.472
1.577
1.001
0.263
0.365
0.627
0.997
0.392
1.123
0.376
0.319
3.919
0.754
0.222
3.632
0.775
3.263
1.252
3.094
0.455
3.316
0.751
1.286
1.203
1.654
1.563
0.83
1.294
1.038
0.468
2.464
0.393
1.726
0.196
0.286
0.858
0.444
0.437
1.85
0.432
1.239
1.114
0.53
1.373
0.782
1.631
1.396
1.795
0.2
2.617
0.491
0.754
0.182
4.054
1.196
0.192
1.687
5.109
0.29
0.176
0.468
7.808
0.619
2.233
3.964
0.462
0.553
0.258
1.689
1.389
3.627
3.438
0.35
1.83
0.838
4.931
0.988
0.194
0.496
3.143
0.294
0.744
4.049
0.386
2.71
0.232
0.668
1.986
0.443
0.183
0.167
6.276
0.781
0.515
0.418
1.847
0.951
0.459
0.951
0.381
0.217
1.545
0.818
0.154
1.481
1.117
1.137
1.309
0.667
0.704
0.358
0.701
0.995
0.434
0.339
0.585
1.557
0.603
0.922
2.926
1.527
0.51
1.515
0.952
0.491
0.538
0.775
0.275
1.007
0.842
1.38
0.632
0.361
1.067
0.244
1.948
0.284
0.166
0.268
3.694
1.065
0.225
0.722
0.954
0.698
1.638
4.815
0.336
0.575
0.582
0.979
4.085
0.327
0.418
0.77
0.878
0.491
1.476
1.573
1.785
2.781
2.118
0.726
0.184
1.154
0.995
0.684
0.956
1.147
2.255
1.018
1.276
0.987
0.163
0.274
0.473
0.428
1.095
0.306
2.547
2.096
0.922
1.533
1.276
0.432
2.053
1.236
0.903
0.617
3.599
2.719
1.881
0.394
0.443
1.366
1.392
1.266
0.392
0.488
1.264
0.802
0.492
0.58
3.114
1.967
0.838
2.292
0.271
0.332
0.836
0.817
0.452
0.271
1.161
1.39
0.201
0.712
0.351
0.332
0.935
0.771
0.17
0.423
0.32
1.009
1.498
0.509
1.226
1.275
2.42
0.444
0.275
1.211
2.208
3.194
0.766
0.547
1.25
2.21
0.392
0.187
1.909
5.205
0.252
0.703
0.583
1.411
0.44
0.47
0.786
2.422
1.729
1.589
0.274
2.002
0.59
0.178
3.186
0.667
1.348
0.246
2.25
0.607
0.199
0.379
0.213
0.343
0.479
1.234
0.829
0.186
0.449
0.591
1.533
0.482
3.741
1.053
0.842
0.541
1.896
0.708
1.323
0.483
0.194
1.034
0.331
1.77
1.102
1.845
2.083
0.569
1.207
0.505
0.989
1.174
2.258
0.576
0.816
5.41
0.959
0.592
1.148
1.764
1.448
1.313
0.842
0.318
0.369
0.618
1.571
0.722
0.835
0.939
0.2
1.231
0.546
2.063
0.574
0.406
0.251
0.394
0.827
0.567
0.722
0.948
0.899
0.307
0.296
2.841
2.356
1.863
1.553
0.389
0.517
0.791
3.08
0.342
1.692
2.719
0.917
0.438
0.971
0.938
1.299
0.431
0.829
2.065
1.475
0.319
1.851
1.579
1.285
1.568
0.807
0.597
1.219
0.358
0.661
1.189
0.479
0.929
1.136
0.313
0.554
0.229
0.223
0.229
2.698
1.264
4.56
0.207
0.199
1.824
1.601
0.312
1.503
1.173
0.439
0.893
0.473
2.02
0.552
0.692
0.684
0.561
0.744
1.11
0.248
0.88
1.087
0.605
0.398
0.968
0.347
0.665
0.827
0.439
0.731
0.535
0.374
1.306
0.33
0.339
0.248
2.686
0.652
0.446
0.51
1.224
1.491
1.93
2.042
1.758
1.566
0.713
1.494
0.6
1.189
0.766
0.892
0.256
0.342
0.228
0.511
1.116
0.837
1.11
0.456
0.756
1.659
2.67
1.226
0.589
0.467
1.029
0.788
1.91
0.381
1.11
0.468
1.225
0.899
1.887
0.49
0.344
1.245
2.995
1.32
0.392
0.799
0.294
0.293
0.807
0.761
0.901
1.402
1.657
0.943
0.793
2.278
0.339
0.967
0.253
0.841
4.808
0.512
0.696
1.782
0.318
0.926
0.521
0.242
0.432
0.482
1.007
0.292
2.199
0.316
2.231
2.672
2.197
0.39
0.466
2.158
2.126
0.42
1.754
0.234
0.23
0.711
0.845
0.251
0.854
0.654
0.842
0.323
0.75
1.16
0.255
2.627
0.871
1.62
0.225
1.041
2.328
0.824
0.235
1.385
1.134
2.395
2.802
0.469
1.279
0.316
2.101
0.635
0.789
1.684
2.032
1.727
2.591
0.481
3.161
0.541
0.897
2.788
0.916
2.071
0.421
0.791
1.448
0.383
1.234
1.052
0.719
0.371
0.523
0.432
2.265
0.878
1.251
0.925
0.386
0.352
1.002
4.081
1.049
1.167
1.451
1
0.666
0.697
0.287
1.015
0.488
2.546
1.468
0.254
0.765
0.937
0.586
1.676
0.711
1.218
3.086
1.352
1.323
0.624
2.921
1.386
1.934
0.783
0.495
0.531
0.275
5.399
0.314
1.778
0.581
0.489
0.66
0.621
3.652
2.325
1.261
1.215
0.235
0.86
1.153
1.079
2.98
0.323
1.138
0.861
0.268
0.324
1.634
1.031
2.195
1.28
1.211
0.329
0.289
4.049
3.311
0.436
1.359
4.602
0.653
1.781
0.578
0.519
1.079
1.515
2.355
0.686
0.829
0.684
3.83
3.734
0.994
0.567
2.362
1.426
0.286
0.778
0.366
0.642
0.517
0.641
0.401
0.531
2.803
1.076
1.211
2.091
2.857
3.396
2.26
0.686
2.066
2.229
0.251
0.256
0.428
0.732
1.051
4.244
0.535
1.816
0.878
1.851
2.195
1.588
1.669
2.489
0.78
1.584
3.513
1.322
0.541
0.68
0.83
4.142
0.327
1.945
2.574
1.894
1.188
1.977
0.588
0.795
0.346
0.427
2.738
3.183
3.344
0.774
1.312
2.104
2.25
1.53
0.649
0.735
1.213
1.324
0.737
1.557
1.373
1.63
3.958
1.099
0.29
1.323
2.37
2.072
0.503
0.5
1.113
0.287
1.815
0.529
0.555
1.038
0.357
2.129
0.882
0.334
0.304
0.949
0.582
0.595
0.743
0.953
0.655
0.745
1.157
1.761
0.364
2.914
0.627
0.388
1.131
0.474
0.858
1.496
0.52
0.857
0.668
0.297
3.772
0.763
1.358
1.468
2.108
1.155
0.49
1.258
0.547
0.383
0.428
0.498
1.451
0.282
0.621
1.961
0.326
1.402
2.013
0.308
1.937
1.155
0.995
2.086
1.496
3.617
1.123
1.016
0.377
0.478
1.322
1.291
0.496
0.32
0.381
0.293
0.275
0.574
1.285
0.51
1.075
0.394
1.758
0.635
1.384
0.617
0.482
0.34
1.942
0.479
0.298
1.703
2.153
2.16
0.991
2.109
0.914
0.549
0.453
1.343
0.651
1.404
1.886
1.513
0.643
2.207
3.65
2.028
2.593
0.754
1.036
2.334
1.792
0.369
0.419
0.594
2.978
1.348
0.465
1.001
0.662
2.679
1.827
1.14
1.072
0.499
0.312
1.051
0.959
1.425
0.401
3.284
0.558
0.329
2.67
0.805
0.4
0.408
0.72
0.278
0.416
2.191
0.66
1.737
1.776
0.826
0.883
0.902
1.908
0.395
1.788
1.443
1.804
1.038
1.811
0.93
0.355
0.967
0.749
2.742
0.686
1.011
0.492
2.722
0.493
1.011
0.601
2.744
1.444
0.576
1.492
5.768
0.57
0.289
0.401
0.583
0.979
2.521
2.414
0.768
4.262
2.465
0.661
0.883
0.493
2.32
0.566
0.656
0.394
1.309
3.072
1.399
0.481
1.865
4.718
1.864
0.633
1.35
0.792
2.326
3.736
1.372
0.861
2.134
1.795
0.98
0.77
0.93
0.41
1.183
3.965
0.452
1.382
2.058
2.164
1.39
1.468
2.111
2.019
0.307
2.595
0.605
0.362
1.567
0.745
0.505
0.391
0.316
0.353
1.789
0.907
0.912
1.367
1.473
0.445
1.223
1.374
0.368
0.871
1.451
1.775
1.498
2.058
0.908
3.66
1.273
0.505
1.716
0.847
0.661
1.209
0.478
0.664
0.358
0.452
1.368
0.609
2.409
0.724
0.496
3.265
0.548
0.322
0.731
1.239
3.706
1.215
3.418
4.338
2.696
0.844
1.51
1.176
1.199
0.621
2.354
1.102
1.051
0.886
0.393
0.494
0.711
1.844
1.529
0.815
0.537
2.657
1.555
0.814
1.958
0.724
1.294
0.523
2.288
0.923
0.554
1.563
0.395
1.296
0.721
0.411
4.546
0.903
0.709
1.465
1.251
1.056
2.655
0.814
3.116
2.205
0.485
1.457
1.196
0.688
0.692
0.389
1.191
1.991
0.342
0.614
1.532
0.414
1.038
0.548
1.841
1.179
1.754
0.705
2.453
0.327
0.906
1.372
2.008
0.451
0.545
1.039
1.924
4.908
2.674
1.094
0.958
0.368
1.557
0.501
0.604
2.022
0.831
3.376
2.093
1.13
1.326
0.828
2.424
0.833
0.878
2.267
1.697
0.492
0.754
1.227
1.852
1.45
0.333
0.928
2.128
0.973
0.555
1.24
3.541
0.478
0.412
1.786
0.927
1.253
3.658
0.777
0.55
0.803
2.432
3.5
2.965
1.368
1.185
0.656
0.508
1.024
0.62
0.387
1.882
1.117
0.907
0.389
1.577
0.911
0.684
1.281
2.633
0.59
4.798
0.427
1.079
1.289
1.993
2.314
0.482
1.753
4.492
2.488
0.776
1.737
0.437
0.553
1.448
0.38
0.688
0.9
1.304
0.738
3.347
1.257
1.186
1.769
0.431
0.338
0.62
0.67
3.508
0.933
0.598
0.73
1.574
1.187
1.024
2.006
0.4
1.199
3.358
1.176
0.595
0.559
0.987
1.799
1.331
0.77
2.397
1.702
1.991
0.996
1.369
0.48
0.525
0.709
0.557
2.723
0.935
0.588
1.686
2.284
1.167
1.485
1.278
3.995
2.882
2.038
1.783
1.224
0.634
0.606
2.396
1.785
0.903
1.541
0.575
1.476
0.924
0.657
0.486
0.993
3.284
0.593
0.692
0.949
0.674
1.18
0.64
2.276
2.721
0.994
3.848
1.542
0.545
